264346
129684
1 2 2008
2 1 2008
3 4 395
4 3 395
5 6 1935
6 5 1935
7 8 3828
8 7 3828
9 10 4182
10 9 4182
9 11 3500
11 9 3500
1 12 2105
12 1 2105
2 13 1478
13 2 1478
14 15 3427
15 14 3427
16 17 4148
17 16 4148
18 19 2529
19 18 2529
20 21 3065
21 20 3065
20 22 3163
22 20 3163
23 24 6768
24 23 6768
25 26 1300
26 25 1300
27 28 1957
28 27 1957
29 30 1295
30 29 1295
31 32 8530
32 31 8530
33 34 4986
34 33 4986
33 35 843
35 33 843
36 37 908
37 36 908
38 39 2545
39 38 2545
40 41 980
41 40 980
29 42 2686
42 29 2686
43 44 1425
44 43 1425
44 45 4410
45 44 4410
46 47 2759
47 46 2759
2 48 1541
48 2 1541
49 50 3787
50 49 3787
49 51 2964
51 49 2964
52 53 5170
53 52 5170
54 55 1300
55 54 1300
56 57 1834
57 56 1834
58 59 1762
59 58 1762
60 61 1253
61 60 1253
62 63 6045
63 62 6045
64 65 2578
65 64 2578
66 58 1527
58 66 1527
67 68 8081
68 67 8081
68 60 793
60 68 793
60 69 4270
69 60 4270
70 71 883
71 70 883
69 70 1136
70 69 1136
72 73 12904
73 72 12904
74 75 1995
75 74 1995
74 76 3516
76 74 3516
77 78 1220
78 77 1220
77 79 2327
79 77 2327
78 80 11763
80 78 11763
78 81 3209
81 78 3209
82 83 922
83 82 922
82 84 4359
84 82 4359
85 86 19802
86 85 19802
86 87 25583
87 86 25583
88 89 410
89 88 410
90 91 1140
91 90 1140
91 88 2273
88 91 2273
92 93 330
93 92 330
91 92 1209
92 91 1209
94 95 357
95 94 357
96 97 5864
97 96 5864
98 99 7754
99 98 7754
100 101 7942
101 100 7942
102 103 15293
103 102 15293
104 105 2663
105 104 2663
106 107 14478
107 106 14478
108 109 5712
109 108 5712
110 109 11997
109 110 11997
109 106 9253
106 109 9253
111 106 2302
106 111 2302
112 110 7504
110 112 7504
113 114 279
114 113 279
115 113 3590
113 115 3590
116 117 10601
117 116 10601
118 119 2630
119 118 2630
118 116 6379
116 118 6379
120 118 9078
118 120 9078
121 122 4454
122 121 4454
123 120 3868
120 123 3868
123 124 5344
124 123 5344
125 123 8984
123 125 8984
126 127 2578
127 126 2578
126 128 5212
128 126 5212
125 126 5415
126 125 5415
129 125 1310
125 129 1310
130 129 17398
129 130 17398
130 131 13738
131 130 13738
131 132 3152
132 131 3152
133 134 7214
134 133 7214
131 134 10615
134 131 10615
135 136 1338
136 135 1338
134 135 2511
135 134 2511
135 137 4214
137 135 4214
138 139 8892
139 138 8892
138 140 6688
140 138 6688
139 141 1507
141 139 1507
139 142 6727
142 139 6727
143 144 4742
144 143 4742
143 145 1181
145 143 1181
140 146 19335
146 140 19335
140 143 1969
143 140 1969
147 148 5678
148 147 5678
147 149 8978
149 147 8978
146 150 1956
150 146 1956
146 151 1912
151 146 1912
152 153 5604
153 152 5604
154 147 4505
147 154 4505
154 155 2375
155 154 2375
156 157 4811
157 156 4811
156 158 3425
158 156 3425
159 156 4885
156 159 4885
159 160 3707
160 159 3707
161 162 12541
162 161 12541
152 161 6953
161 152 6953
161 163 7216
163 161 7216
164 165 4341
165 164 4341
166 167 9826
167 166 9826
168 169 3363
169 168 3363
170 166 6513
166 170 6513
171 166 2310
166 171 2310
171 172 8538
172 171 8538
173 174 4907
174 173 4907
112 175 15558
175 112 15558
167 112 12030
112 167 12030
175 167 6884
167 175 6884
176 175 11988
175 176 11988
172 177 9359
177 172 9359
178 171 20241
171 178 20241
179 180 2294
180 179 2294
181 173 4573
173 181 4573
182 181 1405
181 182 1405
182 183 5304
183 182 5304
184 182 12402
182 184 12402
183 185 2223
185 183 2223
173 179 10705
179 173 10705
179 186 9627
186 179 9627
176 187 13897
187 176 13897
188 189 2253
189 188 2253
188 190 1956
190 188 1956
191 192 9832
192 191 9832
191 176 3015
176 191 3015
193 191 6737
191 193 6737
194 193 1276
193 194 1276
195 194 1739
194 195 1739
196 197 8196
197 196 8196
198 195 4130
195 198 4130
195 199 14087
199 195 14087
193 200 7514
200 193 7514
200 201 982
201 200 982
181 202 8544
202 181 8544
203 204 19279
204 203 19279
202 196 8832
196 202 8832
205 196 4364
196 205 4364
205 206 5622
206 205 5622
207 203 17827
203 207 17827
203 208 2493
208 203 2493
209 205 5582
205 209 5582
208 209 2580
209 208 2580
210 209 4170
209 210 4170
211 210 5478
210 211 5478
212 211 757
211 212 757
213 212 5780
212 213 5780
214 213 3194
213 214 3194
215 184 2902
184 215 2902
216 215 4945
215 216 4945
217 216 2711
216 217 2711
218 219 2772
219 218 2772
217 220 8985
220 217 8985
96 217 6390
217 96 6390
98 96 3085
96 98 3085
221 98 8612
98 221 8612
222 223 1989
223 222 1989
215 218 7717
218 215 7717
218 224 7391
224 218 7391
225 226 35606
226 225 35606
223 225 3048
225 223 3048
225 227 1905
227 225 1905
227 228 1257
228 227 1257
228 229 10277
229 228 10277
34 230 615
230 34 615
221 231 8072
231 221 8072
232 221 3085
221 232 3085
233 232 8462
232 233 8462
234 100 1257
100 234 1257
233 100 687
100 233 687
234 233 687
233 234 687
235 234 833
234 235 833
236 235 6199
235 236 6199
232 222 8544
222 232 8544
237 222 19404
222 237 19404
235 238 5222
238 235 5222
239 236 1781
236 239 1781
240 239 9691
239 240 9691
239 241 3351
241 239 3351
242 243 4351
243 242 4351
242 244 3940
244 242 3940
245 240 1667
240 245 1667
245 242 4175
242 245 4175
246 245 3141
245 246 3141
236 237 12361
237 236 12361
240 247 5273
247 240 5273
246 248 7195
248 246 7195
35 249 3366
249 35 3366
101 250 645
250 101 645
251 14 5257
14 251 5257
252 251 14872
251 252 14872
253 204 4223
204 253 4223
253 254 7456
254 253 7456
14 237 9927
237 14 9927
255 229 32547
229 255 32547
229 256 3250
256 229 3250
257 258 1379
258 257 1379
256 257 9954
257 256 9954
257 259 1965
259 257 1965
256 260 7721
260 256 7721
101 261 6949
261 101 6949
260 262 10332
262 260 10332
263 253 9700
253 263 9700
207 263 2047
263 207 2047
264 207 3543
207 264 3543
263 265 14166
265 263 14166
214 264 5444
264 214 5444
266 214 2509
214 266 2509
267 266 2232
266 267 2232
268 267 6868
267 268 6868
269 267 31967
267 269 31967
260 270 3192
270 260 3192
271 272 5146
272 271 5146
251 273 2946
273 251 2946
273 274 883
274 273 883
274 275 4297
275 274 4297
274 255 2375
255 274 2375
276 255 5058
255 276 5058
276 277 3565
277 276 3565
271 278 1902
278 271 1902
279 271 1676
271 279 1676
280 279 4407
279 280 4407
270 281 1065
281 270 1065
282 269 1389
269 282 1389
283 282 7485
282 283 7485
280 282 23726
282 280 23726
284 283 2254
283 284 2254
280 285 8722
285 280 8722
286 280 10835
280 286 10835
287 288 4777
288 287 4777
289 188 34113
188 289 34113
290 130 22919
130 290 22919
291 290 17746
290 291 17746
289 292 1131
292 289 1131
293 289 1871
289 293 1871
292 294 9133
294 292 9133
293 292 1491
292 293 1491
295 294 6447
294 295 6447
294 296 14086
296 294 14086
294 297 2773
297 294 2773
196 295 4090
295 196 4090
298 299 1402
299 298 1402
210 298 9842
298 210 9842
298 300 6260
300 298 6260
296 299 4038
299 296 4038
296 301 5056
301 296 5056
211 302 5967
302 211 5967
213 303 7767
303 213 7767
304 152 16775
152 304 16775
305 304 9466
304 305 9466
306 293 7665
293 306 7665
291 306 628
306 291 628
307 291 2843
291 307 2843
308 307 1405
307 308 1405
307 309 8171
309 307 8171
310 308 1451
308 310 1451
311 312 4431
312 311 4431
310 311 882
311 310 882
313 310 6597
310 313 6597
314 315 3859
315 314 3859
316 305 1956
305 316 1956
314 316 859
316 314 859
317 316 2010
316 317 2010
318 313 933
313 318 933
313 319 882
319 313 882
318 319 1188
319 318 1188
320 318 1622
318 320 1622
321 314 859
314 321 859
319 321 6833
321 319 6833
322 323 1680
323 322 1680
304 324 6431
324 304 6431
324 325 9988
325 324 9988
163 326 1405
326 163 1405
327 328 4357
328 327 4357
324 327 5180
327 324 5180
327 329 2208
329 327 2208
330 322 6126
322 330 6126
305 330 3977
330 305 3977
321 317 1764
317 321 1764
331 317 4092
317 331 4092
332 331 4651
331 332 4651
333 334 3125
334 333 3125
330 333 3570
333 330 3570
335 336 3465
336 335 3465
331 335 4427
335 331 4427
320 337 4284
337 320 4284
337 338 251
338 337 251
338 339 679
339 338 679
335 340 7691
340 335 7691
341 342 10144
342 341 10144
297 343 2512
343 297 2512
343 320 2933
320 343 2933
344 341 4489
341 344 4489
342 320 3898
320 342 3898
345 342 1484
342 345 1484
346 345 1171
345 346 1171
347 345 1205
345 347 1205
346 344 10175
344 346 10175
348 346 13720
346 348 13720
349 347 12591
347 349 12591
350 351 10537
351 350 10537
352 353 725
353 352 725
350 354 1077
354 350 1077
348 350 4615
350 348 4615
354 355 7621
355 354 7621
355 356 7800
356 355 7800
355 357 4505
357 355 4505
358 359 3244
359 358 3244
358 360 4681
360 358 4681
361 358 5654
358 361 5654
362 361 1956
361 362 1956
361 363 4823
363 361 4823
364 349 1181
349 364 1181
349 362 1005
362 349 1005
364 362 1389
362 364 1389
365 364 933
364 365 933
366 365 3981
365 366 3981
367 348 2662
348 367 2662
368 367 16492
367 368 16492
369 370 2778
370 369 2778
367 369 2060
369 367 2060
369 371 8382
371 369 8382
372 373 5326
373 372 5326
374 375 3340
375 374 3340
266 374 6079
374 266 6079
374 268 6974
268 374 6974
376 268 5421
268 376 5421
376 377 14263
377 376 14263
378 376 10828
376 378 10828
283 379 12012
379 283 12012
284 380 16265
380 284 16265
380 381 5222
381 380 5222
381 380 5222
380 381 5222
382 378 5278
378 382 5278
378 383 7782
383 378 7782
382 381 3261
381 382 3261
384 382 6857
382 384 6857
385 384 1047
384 385 1047
386 387 594
387 386 594
385 386 7226
386 385 7226
388 385 2509
385 388 2509
389 390 2223
390 389 2223
391 284 5255
284 391 5255
391 392 4741
392 391 4741
393 391 6919
391 393 6919
394 395 3899
395 394 3899
396 393 18615
393 396 18615
397 396 838
396 397 838
398 397 3557
397 398 3557
399 397 9955
397 399 9955
393 394 8053
394 393 8053
400 401 6383
401 400 6383
402 388 1525
388 402 1525
394 402 8053
402 394 8053
403 402 11341
402 403 11341
388 389 2370
389 388 2370
404 403 3131
403 404 3131
405 403 9835
403 405 9835
406 404 5803
404 406 5803
400 407 5274
407 400 5274
405 400 6076
400 405 6076
408 398 5679
398 408 5679
398 405 12852
405 398 12852
409 410 2565
410 409 2565
409 411 5862
411 409 5862
389 412 8800
412 389 8800
413 414 5612
414 413 5612
415 409 5147
409 415 5147
415 416 3120
416 415 3120
368 415 5922
415 368 5922
417 368 2810
368 417 2810
418 417 3101
417 418 3101
418 419 6634
419 418 6634
420 418 8032
418 420 8032
419 421 3862
421 419 3862
419 422 9234
422 419 9234
422 420 688
420 422 688
423 422 1095
422 423 1095
424 425 7578
425 424 7578
426 427 6745
427 426 6745
428 413 7312
413 428 7312
428 429 4574
429 428 4574
423 428 1185
428 423 1185
430 423 687
423 430 687
430 428 1698
428 430 1698
431 432 11981
432 431 11981
433 434 1131
434 433 1131
435 433 9254
433 435 9254
435 404 3373
404 435 3373
436 435 11526
435 436 11526
433 437 5265
437 433 5265
437 438 3154
438 437 3154
437 439 5803
439 437 5803
438 440 3169
440 438 3169
441 406 12240
406 441 12240
406 442 7352
442 406 7352
441 443 5195
443 441 5195
444 441 2315
441 444 2315
445 444 10250
444 445 10250
446 447 4132
447 446 4132
448 449 1287
449 448 1287
449 450 556
450 449 556
451 449 3360
449 451 3360
452 453 1651
453 452 1651
454 455 3931
455 454 3931
451 454 883
454 451 883
451 456 1945
456 451 1945
457 451 1084
451 457 1084
454 458 1667
458 454 1667
459 460 3519
460 459 3519
444 461 4826
461 444 4826
461 462 3400
462 461 3400
461 463 3670
463 461 3670
459 464 4662
464 459 4662
438 465 3770
465 438 3770
466 465 2558
465 466 2558
466 467 2553
467 466 2553
436 468 3889
468 436 3889
469 436 3989
436 469 3989
470 471 1873
471 470 1873
446 469 3563
469 446 3563
469 470 2898
470 469 2898
426 466 2061
466 426 2061
472 426 3780
426 472 3780
431 472 1492
472 431 1492
473 431 1936
431 473 1936
474 473 969
473 474 969
474 475 7306
475 474 7306
476 474 2315
474 476 2315
477 448 218
448 477 218
475 471 2315
471 475 2315
478 479 24087
479 478 24087
480 479 1678
479 480 1678
453 477 1248
477 453 1248
453 446 2220
446 453 2220
457 452 1912
452 457 1912
481 457 5803
457 481 5803
481 459 5014
459 481 5014
482 481 3063
481 482 3063
462 483 6692
483 462 6692
483 484 4652
484 483 4652
482 483 883
483 482 883
485 482 16887
482 485 16887
486 487 5213
487 486 5213
486 488 11816
488 486 11816
489 486 5567
486 489 5567
490 489 5566
489 490 5566
489 491 1044
491 489 1044
492 493 1268
493 492 1268
494 495 3921
495 494 3921
496 492 417
492 496 417
496 159 17323
159 496 17323
497 496 1318
496 497 1318
498 492 1005
492 498 1005
499 497 4077
497 499 4077
494 500 8509
500 494 8509
501 494 19961
494 501 19961
499 502 4038
502 499 4038
162 499 3636
499 162 3636
503 162 11312
162 503 11312
501 504 4737
504 501 4737
504 505 2309
505 504 2309
506 501 15147
501 506 15147
504 507 9406
507 504 9406
508 509 3193
509 508 3193
510 511 9206
511 510 9206
511 512 2044
512 511 2044
511 513 9367
513 511 9367
507 514 2169
514 507 2169
514 515 1441
515 514 1441
516 517 9518
517 516 9518
507 518 5540
518 507 5540
519 520 2255
520 519 2255
521 522 5085
522 521 5085
523 521 688
521 523 688
523 524 4087
524 523 4087
524 525 556
525 524 556
525 522 556
522 525 556
522 526 4573
526 522 4573
527 524 6126
524 527 6126
528 519 6131
519 528 6131
528 529 3852
529 528 3852
530 528 3731
528 530 3731
516 530 5353
530 516 5353
531 532 12995
532 531 12995
519 533 10556
533 519 10556
533 531 3760
531 533 3760
531 534 6023
534 531 6023
530 535 5057
535 530 5057
536 535 7957
535 536 7957
535 533 4761
533 535 4761
533 537 4697
537 533 4697
538 539 5189
539 538 5189
540 541 6075
541 540 6075
540 527 7763
527 540 7763
538 527 11555
527 538 11555
542 538 4875
538 542 4875
542 540 6865
540 542 6865
543 542 8078
542 543 8078
544 545 3139
545 544 3139
546 544 9519
544 546 9519
547 534 8229
534 547 8229
544 548 4851
548 544 4851
549 547 9897
547 549 9897
547 550 628
550 547 628
550 551 3188
551 550 3188
551 546 5109
546 551 5109
551 552 7455
552 551 7455
553 543 1191
543 553 1191
554 555 2371
555 554 2371
556 554 417
554 556 417
556 553 1391
553 556 1391
557 556 1255
556 557 1255
557 553 1739
553 557 1739
558 557 922
557 558 922
559 558 1618
558 559 1618
559 560 10731
560 559 10731
561 559 1405
559 561 1405
558 562 4181
562 558 4181
563 564 7189
564 563 7189
565 566 3777
566 565 3777
563 546 5094
546 563 5094
567 563 3046
563 567 3046
568 567 2398
567 568 2398
567 569 466
569 567 466
569 570 3847
570 569 3847
568 570 5517
570 568 5517
571 568 1289
568 571 1289
561 572 8459
572 561 8459
573 561 972
561 573 972
569 574 2749
574 569 2749
565 573 565
573 565 565
573 575 4404
575 573 4404
570 576 2662
576 570 2662
577 578 10763
578 577 10763
578 579 5693
579 578 5693
575 580 2646
580 575 2646
575 581 2509
581 575 2509
581 582 1674
582 581 1674
581 583 1968
583 581 1968
583 584 1719
584 583 1719
583 585 2176
585 583 2176
586 587 11434
587 586 11434
588 589 7107
589 588 7107
579 590 1697
590 579 1697
591 590 1781
590 591 1781
591 579 1739
579 591 1739
590 592 1567
592 590 1567
592 593 13649
593 592 13649
592 588 838
588 592 838
588 594 1964
594 588 1964
594 595 13384
595 594 13384
596 586 6311
586 596 6311
597 586 8456
586 597 8456
598 596 5156
596 598 5156
587 591 7847
591 587 7847
587 599 6791
599 587 6791
596 600 7295
600 596 7295
600 601 4156
601 600 4156
600 602 4737
602 600 4737
594 603 3543
603 594 3543
604 605 6605
605 604 6605
604 606 2188
606 604 2188
607 608 8274
608 607 8274
605 609 4764
609 605 4764
609 610 5926
610 609 5926
605 607 4998
607 605 4998
609 611 4374
611 609 4374
586 612 5002
612 586 5002
602 613 14085
613 602 14085
602 614 5989
614 602 5989
615 614 7292
614 615 7292
616 615 1524
615 616 1524
509 617 5044
617 509 5044
618 506 6272
506 618 6272
503 509 4397
509 503 4397
619 503 3769
503 619 3769
620 618 9946
618 620 9946
619 621 4870
621 619 4870
622 619 4835
619 622 4835
621 623 5313
623 621 5313
621 624 6724
624 621 6724
339 625 8343
625 339 8343
626 506 6377
506 626 6377
334 322 4147
322 334 4147
510 626 4400
626 510 4400
618 627 5414
627 618 5414
627 628 6945
628 627 6945
627 510 8705
510 627 8705
629 630 9506
630 629 9506
631 622 502
622 631 502
622 620 4450
620 622 4450
334 632 2324
632 334 2324
620 633 4701
633 620 4701
634 631 297
631 634 297
635 634 1449
634 635 1449
625 636 303
636 625 303
635 637 511
637 635 511
636 635 177
635 636 177
638 635 1104
635 638 1104
637 639 875
639 637 875
639 640 168
640 639 168
641 638 565
638 641 565
642 641 565
641 642 565
643 642 726
642 643 726
644 643 1818
643 644 1818
640 645 1584
645 640 1584
646 647 1044
647 646 1044
642 646 4053
646 642 4053
646 648 5692
648 646 5692
648 649 2509
649 648 2509
643 649 8481
649 643 8481
649 650 2535
650 649 2535
363 651 5070
651 363 5070
363 652 4614
652 363 4614
366 653 3988
653 366 3988
365 654 5241
654 365 5241
655 653 5870
653 655 5870
652 656 6403
656 652 6403
652 657 5303
657 652 5303
658 655 5274
655 658 5274
653 658 2940
658 653 2940
655 658 5274
658 655 5274
659 366 7971
366 659 7971
659 372 2756
372 659 2756
660 659 2475
659 660 2475
372 661 7317
661 372 7317
373 662 4280
662 373 4280
662 373 4280
373 662 4280
660 655 3230
655 660 3230
663 660 15777
660 663 15777
664 665 4878
665 664 4878
666 644 2245
644 666 2245
667 668 4482
668 667 4482
669 666 3598
666 669 3598
644 670 5714
670 644 5714
670 671 2783
671 670 2783
666 670 7287
670 666 7287
672 669 6039
669 672 6039
669 673 1905
673 669 1905
674 675 2847
675 674 2847
676 674 3169
674 676 3169
674 663 4761
663 674 4761
677 663 10540
663 677 10540
630 516 3912
516 630 3912
630 678 2111
678 630 2111
629 679 6945
679 629 6945
679 680 5442
680 679 5442
681 629 4741
629 681 4741
536 549 1181
549 536 1181
549 682 2902
682 549 2902
679 536 6552
536 679 6552
682 683 3349
683 682 3349
681 684 3680
684 681 3680
648 685 6282
685 648 6282
645 681 3700
681 645 3700
685 681 3731
681 685 3731
686 685 3331
685 686 3331
687 686 2087
686 687 2087
688 687 4573
687 688 4573
689 690 4188
690 689 4188
687 691 4637
691 687 4637
692 693 3084
693 692 3084
694 689 2578
689 694 2578
692 689 2747
689 692 2747
695 692 2721
692 695 2721
696 697 1822
697 696 1822
696 698 1460
698 696 1460
688 696 1844
696 688 1844
699 688 1739
688 699 1739
699 700 2500
700 699 2500
698 701 16456
701 698 16456
698 702 9183
702 698 9183
694 699 1677
699 694 1677
683 703 2655
703 683 2655
683 704 4937
704 683 4937
695 705 10097
705 695 10097
706 705 5555
705 706 5555
705 707 8357
707 705 8357
708 709 2281
709 708 2281
684 710 4266
710 684 4266
710 708 251
708 710 251
711 712 2647
712 711 2647
713 711 2578
711 713 2578
706 714 5800
714 706 5800
711 706 2535
706 711 2535
715 716 6142
716 715 6142
717 695 1904
695 717 1904
717 718 2809
718 717 2809
719 720 2511
720 719 2511
718 694 6096
694 718 6096
719 718 2721
718 719 2721
721 719 2573
719 721 2573
722 723 4064
723 722 4064
713 724 2112
724 713 2112
725 713 2778
713 725 2778
726 725 3912
725 726 3912
726 727 3415
727 726 3415
728 729 1783
729 728 1783
716 730 1405
730 716 1405
731 716 2093
716 731 2093
725 732 2527
732 725 2527
728 721 628
721 728 628
721 722 4297
722 721 4297
733 728 4680
728 733 4680
722 734 6957
734 722 6957
735 736 2019
736 735 2019
736 737 3345
737 736 3345
736 738 2512
738 736 2512
701 739 7979
739 701 7979
673 740 7619
740 673 7619
702 741 2262
741 702 2262
702 742 4999
742 702 4999
741 743 933
743 741 933
743 744 2798
744 743 2798
743 745 1083
745 743 1083
746 747 2900
747 746 2900
744 746 2786
746 744 2786
746 748 4304
748 746 4304
749 672 3213
672 749 3213
667 750 3017
750 667 3017
751 752 503
752 751 503
752 753 2119
753 752 2119
749 751 1392
751 749 1392
677 749 1880
749 677 1880
754 677 3940
677 754 3940
755 677 5383
677 755 5383
756 757 5344
757 756 5344
758 759 3731
759 758 3731
752 756 3929
756 752 3929
756 760 3530
760 756 3530
761 762 594
762 761 594
762 763 2553
763 762 2553
764 762 3560
762 764 3560
763 765 3824
765 763 3824
758 766 882
766 758 882
760 758 2223
758 760 2223
764 760 2786
760 764 2786
763 767 1698
767 763 1698
768 764 628
764 768 628
769 768 2369
768 769 2369
744 770 2560
770 744 2560
734 771 5846
771 734 5846
734 772 2528
772 734 2528
773 772 3666
772 773 3666
771 773 4611
773 771 4611
774 746 3372
746 774 3372
775 776 1667
776 775 1667
777 775 5660
775 777 5660
778 775 3169
775 778 3169
772 735 3357
735 772 3357
779 735 7058
735 779 7058
773 780 3590
780 773 3590
781 774 7347
774 781 7347
782 783 669
783 782 669
784 781 2500
781 784 2500
785 786 4405
786 785 4405
782 787 1719
787 782 1719
788 782 4196
782 788 4196
784 774 6909
774 784 6909
789 784 1276
784 789 1276
789 790 2567
790 789 2567
791 789 2303
789 791 2303
790 776 6025
776 790 6025
792 790 1945
790 792 1945
777 792 1405
792 777 1405
792 793 1698
793 792 1698
794 777 2898
777 794 2898
791 793 4761
793 791 4761
793 795 1047
795 793 1047
778 796 2983
796 778 2983
794 778 3361
778 794 3361
797 794 1005
794 797 1005
798 794 4052
794 798 4052
799 797 8448
797 799 8448
798 800 3479
800 798 3479
798 801 5746
801 798 5746
802 800 838
800 802 838
800 801 4515
801 800 4515
803 802 1567
802 803 1567
801 769 4172
769 801 4172
804 769 4680
769 804 4680
805 806 4017
806 805 4017
807 808 6917
808 807 6917
807 803 4092
803 807 4092
803 809 9253
809 803 9253
810 811 4214
811 810 4214
812 813 4475
813 812 4475
814 815 3362
815 814 3362
816 810 6182
810 816 6182
417 817 7792
817 417 7792
818 819 1508
819 818 1508
820 818 6704
818 820 6704
420 432 9753
432 420 9753
820 818 6704
818 820 6704
821 820 6960
820 821 6960
822 823 3357
823 822 3357
824 825 6906
825 824 6906
826 827 6298
827 826 6298
828 826 2513
826 828 2513
829 826 5421
826 829 5421
676 830 4376
830 676 4376
821 676 7024
676 821 7024
831 821 3437
821 831 3437
832 831 9133
831 832 9133
833 834 2900
834 833 2900
835 833 10001
833 835 10001
831 836 3280
836 831 3280
837 835 8220
835 837 8220
838 835 2810
835 838 2810
839 822 8606
822 839 8606
839 822 8606
822 839 8606
840 839 1965
839 840 1965
824 840 5868
840 824 5868
840 832 4235
832 840 4235
837 832 4703
832 837 4703
828 824 3169
824 828 3169
841 828 4052
828 841 4052
842 843 6115
843 842 6115
841 842 3010
842 841 3010
844 837 2578
837 844 2578
843 844 3642
844 843 3642
845 838 6393
838 845 6393
845 844 5661
844 845 5661
842 846 1257
846 842 1257
846 847 7560
847 846 7560
843 845 7984
845 843 7984
476 848 859
848 476 859
849 476 1005
476 849 1005
848 480 8395
480 848 8395
849 848 1083
848 849 1083
850 849 4524
849 850 4524
829 851 4809
851 829 4809
852 850 6199
850 852 6199
852 853 5211
853 852 5211
854 852 1277
852 854 1277
855 829 1520
829 855 1520
856 855 12290
855 856 12290
857 854 6626
854 857 6626
854 856 6338
856 854 6338
856 858 4944
858 856 4944
859 490 5255
490 859 5255
490 860 2858
860 490 2858
861 857 8003
857 861 8003
862 857 4175
857 862 4175
863 860 7585
860 863 7585
863 864 4465
864 863 4465
862 863 1374
863 862 1374
865 862 4021
862 865 4021
866 841 4491
841 866 4491
866 867 5517
867 866 5517
868 866 1989
866 868 1989
869 868 7605
868 869 7605
868 870 4271
870 868 4271
858 869 2786
869 858 2786
870 871 2779
871 870 2779
870 872 4567
872 870 4567
871 873 2535
873 871 2535
869 874 9828
874 869 9828
871 875 4682
875 871 4682
876 858 5556
858 876 5556
861 876 833
876 861 833
874 876 4018
876 874 4018
865 861 5597
861 865 5597
877 865 3141
865 877 3141
878 877 2315
877 878 2315
878 879 7660
879 878 7660
880 878 3519
878 880 3519
881 882 1221
882 881 1221
883 884 1527
884 883 1527
885 883 2113
883 885 2113
880 883 2020
883 880 2020
877 886 7750
886 877 7750
883 886 6475
886 883 6475
886 887 4066
887 886 4066
888 885 1906
885 888 1906
889 885 3707
885 889 3707
890 888 839
888 890 839
891 754 2310
754 891 2310
833 891 4406
891 833 4406
892 754 11357
754 892 11357
893 891 9320
891 893 9320
835 893 6174
893 835 6174
894 893 3169
893 894 3169
895 894 3437
894 895 3437
896 897 1185
897 896 1185
765 898 1338
898 765 1338
898 899 1781
899 898 1781
898 900 1905
900 898 1905
896 755 1188
755 896 1188
901 755 1566
755 901 1566
901 902 3056
902 901 3056
903 902 3571
902 903 3571
904 892 3437
892 904 3437
892 905 882
905 892 882
894 904 3190
904 894 3190
906 901 763
901 906 763
904 896 7880
896 904 7880
838 907 2513
907 838 2513
908 909 5200
909 908 5200
908 845 3154
845 908 3154
910 908 5040
908 910 5040
847 846 7560
846 847 7560
911 847 5585
847 911 5585
912 895 5344
895 912 5344
913 912 1667
912 913 1667
912 914 4175
914 912 4175
895 915 3453
915 895 3453
913 910 4508
910 913 4508
916 913 4322
913 916 4322
917 916 5849
916 917 5849
900 918 3612
918 900 3612
902 900 3898
900 902 3898
903 804 5849
804 903 5849
919 920 1269
920 919 1269
921 809 1765
809 921 1765
922 923 3340
923 922 3340
924 906 417
906 924 417
925 924 858
924 925 858
906 903 4630
903 906 4630
925 926 2655
926 925 2655
927 925 1229
925 927 1229
928 929 2606
929 928 2606
923 930 933
930 923 933
930 919 4986
919 930 4986
921 931 2578
931 921 2578
811 921 1182
921 811 1182
932 811 5715
811 932 5715
933 934 1389
934 933 1389
935 933 2578
933 935 2578
936 933 3590
933 936 3590
935 923 2320
923 935 2320
936 935 2573
935 936 2573
937 938 503
938 937 503
939 937 2188
937 939 2188
937 940 6396
940 937 6396
941 936 3931
936 941 3931
939 942 1622
942 939 1622
943 939 3396
939 943 3396
944 928 2520
928 944 2520
945 946 833
946 945 833
928 945 2513
945 928 2513
947 945 4764
945 947 4764
948 944 1268
944 948 1268
949 948 1355
948 949 1355
947 944 2528
944 947 2528
919 927 1129
927 919 1129
950 951 4941
951 950 4941
952 949 6608
949 952 6608
953 954 2736
954 953 2736
955 953 3666
953 955 3666
953 956 4197
956 953 4197
955 947 5301
947 955 5301
957 955 1389
955 957 1389
957 948 7377
948 957 7377
958 957 695
957 958 695
959 958 430
958 959 430
959 949 6587
949 959 6587
960 959 430
959 960 430
961 960 1392
960 961 1392
962 960 4297
960 962 4297
963 961 1698
961 963 1698
961 964 2567
964 961 2567
965 966 1676
966 965 1676
875 966 5344
966 875 5344
875 967 1047
967 875 1047
966 968 1466
968 966 1466
911 875 8835
875 911 8835
917 911 2370
911 917 2370
969 917 24782
917 969 24782
970 971 3363
971 970 3363
971 972 2117
972 971 2117
972 970 3355
970 972 3355
973 974 1257
974 973 1257
973 975 2457
975 973 2457
976 973 3351
973 976 3351
887 881 3612
881 887 3612
977 881 6888
881 977 6888
885 887 6530
887 885 6530
888 978 3479
978 888 3479
979 980 1186
980 979 1186
981 982 419
982 981 419
981 975 2044
975 981 2044
983 975 2932
975 983 2932
984 981 1965
981 984 1965
984 985 1044
985 984 1044
986 987 3697
987 986 3697
986 979 1182
979 986 1182
988 986 2516
986 988 2516
988 979 3697
979 988 3697
987 988 1182
988 987 1182
977 969 2310
969 977 2310
980 969 1257
969 980 1257
989 977 2232
977 989 2232
990 989 1111
989 990 1111
990 890 7299
890 990 7299
991 990 14879
990 991 14879
992 993 1609
993 992 1609
992 970 1287
970 992 1287
993 992 1609
992 993 1609
976 983 2663
983 976 2663
993 994 696
994 993 696
995 976 2558
976 995 2558
995 996 1451
996 995 1451
996 987 6958
987 996 6958
997 996 1110
996 997 1110
994 995 312
995 994 312
998 994 280
994 998 280
998 999 2844
999 998 2844
952 1000 2008
1000 952 2008
1001 952 3400
952 1001 3400
1002 952 1225
952 1002 1225
1001 1002 3334
1002 1001 3334
1000 998 1631
998 1000 1631
1003 1000 2690
1000 1003 2690
999 1004 1182
1004 999 1182
997 1005 2363
1005 997 2363
1006 1007 3141
1007 1006 3141
1003 999 3479
999 1003 3479
1008 1003 2779
1003 1008 2779
1008 1001 1989
1001 1008 1989
1009 1001 3850
1001 1009 3850
1010 1008 5018
1008 1010 5018
983 984 3010
984 983 3010
1011 997 1505
997 1011 1505
1012 1013 5295
1013 1012 5295
1014 1013 2558
1013 1014 2558
1012 989 10812
989 1012 10812
1015 1012 3612
1012 1015 3612
1016 1012 2370
1012 1016 2370
1017 1015 3437
1015 1017 3437
1011 1018 1374
1018 1011 1374
1019 1020 1068
1020 1019 1068
1016 1014 3636
1014 1016 3636
1021 1022 1005
1022 1021 1005
1023 1021 3558
1021 1023 3558
1006 1011 3245
1011 1006 3245
1010 1006 3697
1006 1010 3697
1024 1010 2708
1010 1024 2708
1025 1021 3437
1021 1025 3437
1026 1025 3400
1025 1026 3400
1027 1023 833
1023 1027 833
1015 1028 3363
1028 1015 3363
1029 1030 2262
1030 1029 2262
1031 1014 4853
1014 1031 4853
1031 1016 4226
1016 1031 4226
1032 1033 594
1033 1032 594
1033 1034 5262
1034 1033 5262
552 571 430
571 552 430
1035 552 430
552 1035 430
1036 1035 638
1035 1036 638
1037 1036 840
1036 1037 840
597 1038 2166
1038 597 2166
709 1037 1846
1037 709 1846
1039 1037 1131
1037 1039 1131
1033 1039 565
1039 1033 565
714 1032 1155
1032 714 1155
715 714 1131
714 715 1131
731 715 2691
715 731 2691
1037 1040 1896
1040 1037 1896
1034 1041 5205
1041 1034 5205
1040 597 335
597 1040 335
1042 1043 3497
1043 1042 3497
733 731 5140
731 733 5140
1044 1045 3490
1045 1044 3490
1042 1046 10499
1046 1042 10499
733 1047 3463
1047 733 3463
1044 1048 5284
1048 1044 5284
1049 733 1542
733 1049 1542
1050 1049 1116
1049 1050 1116
1049 1051 6791
1051 1049 6791
1050 1052 5506
1052 1050 5506
1053 1050 972
1050 1053 972
1051 1054 7370
1054 1051 7370
1054 1055 653
1055 1054 653
1052 1056 1405
1056 1052 1405
1051 1057 348
1057 1051 348
1057 1052 2087
1052 1057 2087
1057 1058 3053
1058 1057 3053
1059 1060 6866
1060 1059 6866
1058 1059 2662
1059 1058 2662
1034 1061 6790
1061 1034 6790
1062 1063 2260
1063 1062 2260
1046 1064 3840
1064 1046 3840
1062 1065 2864
1065 1062 2864
1046 1066 5452
1066 1046 5452
1059 1067 3694
1067 1059 3694
1068 1067 4489
1067 1068 4489
1060 1069 933
1069 1060 933
1067 1060 3261
1060 1067 3261
1066 1070 7370
1070 1066 7370
1066 1071 2944
1071 1066 2944
1072 1071 10679
1071 1072 10679
1070 1073 2112
1073 1070 2112
1074 1070 3559
1070 1074 3559
1075 1076 1520
1076 1075 1520
1075 1077 3854
1077 1075 3854
1078 1075 5512
1075 1078 5512
1079 1078 8982
1078 1079 8982
779 1053 695
1053 779 695
1053 1056 5241
1056 1053 5241
1080 779 1250
779 1080 1250
785 1080 417
1080 785 417
1080 1081 5250
1081 1080 5250
788 785 1667
785 788 1667
1082 1083 2722
1083 1082 2722
1056 1082 2223
1082 1056 2223
1082 1084 1667
1084 1082 1667
1085 1086 1445
1086 1085 1445
1087 788 1532
788 1087 1532
1087 791 3570
791 1087 3570
1088 1087 840
1087 1088 840
1089 1088 702
1088 1089 702
1090 1089 430
1089 1090 430
795 1090 5055
1090 795 5055
805 1090 1670
1090 805 1670
1088 1091 2449
1091 1088 2449
1091 1092 2363
1092 1091 2363
1093 1092 6958
1092 1093 6958
1092 1094 4726
1094 1092 4726
1058 1068 3987
1068 1058 3987
1095 1096 1389
1096 1095 1389
1097 1095 4064
1095 1097 4064
1091 1085 4014
1085 1091 4014
1085 1098 2435
1098 1085 2435
1092 1098 3678
1098 1092 3678
1094 1098 5572
1098 1094 5572
1098 1095 4680
1095 1098 4680
1099 1100 6444
1100 1099 6444
1100 1101 3932
1101 1100 3932
799 805 1250
805 799 1250
1102 799 702
799 1102 702
1102 807 4224
807 1102 4224
1103 1102 1739
1102 1103 1739
1104 1093 4796
1093 1104 4796
1093 1105 1698
1105 1093 1698
1104 1103 2736
1103 1104 2736
814 1103 1560
1103 814 1560
1106 1104 3015
1104 1106 3015
1107 814 1116
814 1107 1116
816 812 1131
812 816 1131
812 1107 297
1107 812 297
1107 1108 3048
1108 1107 3048
932 816 1289
816 932 1289
1108 1109 2834
1109 1108 2834
1105 1110 3331
1110 1105 3331
1105 1094 4417
1094 1105 4417
1106 1110 5211
1110 1106 5211
1110 1099 1765
1099 1110 1765
1099 1111 3364
1111 1099 3364
1108 1106 5218
1106 1108 5218
1109 1112 1679
1112 1109 1679
1113 1114 3105
1114 1113 3105
1115 1112 2223
1112 1115 2223
1112 1116 8196
1116 1112 8196
1117 1118 5695
1118 1117 5695
1068 1119 5661
1119 1068 5661
1097 1120 3642
1120 1097 3642
1119 1079 4630
1079 1119 4630
1100 1097 7370
1097 1100 7370
1111 1101 5109
1101 1111 5109
1101 1121 3192
1121 1101 3192
1122 1123 2176
1123 1122 2176
1101 1124 3357
1124 1101 3357
1124 1125 5058
1125 1124 5058
1119 1126 3047
1126 1119 3047
1079 1127 5759
1127 1079 5759
1122 1128 1374
1128 1122 1374
1129 1128 10221
1128 1129 10221
1124 1122 4283
1122 1124 4283
1128 1127 2983
1127 1128 2983
1127 1130 3514
1130 1127 3514
1131 1111 9994
1111 1131 9994
1132 1133 1719
1133 1132 1719
1132 1134 2647
1134 1132 2647
1117 1132 4797
1132 1117 4797
1135 1131 1111
1131 1135 1111
1131 1136 6843
1136 1131 6843
1135 1117 2945
1117 1135 2945
1137 1135 2509
1135 1137 2509
1138 1137 3360
1137 1138 3360
1137 1139 6084
1139 1137 6084
1111 1140 5572
1140 1111 5572
1136 1141 3360
1141 1136 3360
1136 1142 1492
1142 1136 1492
1143 1144 3536
1144 1143 3536
1145 1146 9359
1146 1145 9359
1147 598 3978
598 1147 3978
1148 7 5849
7 1148 5849
1145 1148 6489
1148 1145 6489
1072 1148 4489
1148 1072 4489
1148 1149 6903
1149 1148 6903
1150 1078 3778
1078 1150 3778
1150 29 1649
29 1150 1649
1151 1150 14182
1150 1151 14182
30 1152 2500
1152 30 2500
1153 1072 12977
1072 1153 12977
1154 1153 10914
1153 1154 10914
598 1155 10290
1155 598 10290
1147 1156 9413
1156 1147 9413
1149 1157 3897
1157 1149 3897
1158 1159 3120
1159 1158 3120
1149 1158 4534
1158 1149 4534
1160 616 3389
616 1160 3389
613 1161 2798
1161 613 2798
1161 1162 3820
1162 1161 3820
1161 1163 2783
1163 1161 2783
1158 1164 3608
1164 1158 3608
1165 1166 1680
1166 1165 1680
1167 1165 2320
1165 1167 2320
1168 1165 6144
1165 1168 6144
1165 1169 3152
1169 1165 3152
1170 1171 1865
1171 1170 1865
1172 1173 6827
1173 1172 6827
1130 1174 3847
1174 1130 3847
1130 1151 2435
1151 1130 2435
1172 1151 1905
1151 1172 1905
1129 1175 3812
1175 1129 3812
1176 1172 5612
1172 1176 5612
1174 1129 2969
1129 1174 2969
1174 1177 4877
1177 1174 4877
1178 1154 4764
1154 1178 4764
1176 1178 1451
1178 1176 1451
1177 1176 4028
1176 1177 4028
1179 1177 4691
1177 1179 4691
1178 1180 3189
1180 1178 3189
1181 1182 4920
1182 1181 4920
1183 1181 2705
1181 1183 2705
1182 1179 9907
1179 1182 9907
1184 1185 3350
1185 1184 3350
1182 1186 4848
1186 1182 4848
1186 1187 3930
1187 1186 3930
1188 1167 6144
1167 1188 6144
1188 1154 4475
1154 1188 4475
1168 1188 2320
1188 1168 2320
1189 1168 837
1168 1189 837
1190 1189 2535
1189 1190 2535
1191 1189 3140
1189 1191 3140
1169 1192 1945
1192 1169 1945
1192 1193 833
1193 1192 833
1193 1194 1083
1194 1193 1083
1193 1191 3063
1191 1193 3063
1190 1180 6111
1180 1190 6111
1195 1190 2786
1190 1195 2786
1196 1191 3873
1191 1196 3873
10 1197 2670
1197 10 2670
1198 1199 278
1199 1198 278
1199 1184 5283
1184 1199 5283
1180 1195 5653
1195 1180 5653
1200 1195 2658
1195 1200 2658
1201 1200 1690
1200 1201 1690
1202 1201 2111
1201 1202 2111
1203 1202 3570
1202 1203 3570
5 1204 4801
1204 5 4801
1205 1196 1765
1196 1205 1765
1196 1206 2902
1206 1196 2902
1170 1192 4535
1192 1170 4535
1207 1208 1680
1208 1207 1680
1209 1207 1405
1207 1209 1405
1209 1207 1405
1207 1209 1405
1205 1210 5283
1210 1205 5283
1211 1205 2094
1205 1211 2094
1211 1209 3937
1209 1211 3937
1195 1190 2786
1190 1195 2786
1210 1212 5938
1212 1210 5938
1213 1210 882
1210 1213 882
1214 1213 5344
1213 1214 5344
1203 1184 2931
1184 1203 2931
1186 1215 7538
1215 1186 7538
1216 1203 7332
1203 1216 7332
1187 1217 2320
1217 1187 2320
1215 1187 6438
1187 1215 6438
1215 1216 2843
1216 1215 2843
1218 1216 7574
1216 1218 7574
5 1219 8456
1219 5 8456
1181 1220 5513
1220 1181 5513
1214 5 3361
5 1214 3361
1221 1214 2722
1214 1221 2722
1222 1214 3494
1214 1222 3494
1223 1224 4465
1224 1223 4465
1225 1226 3760
1226 1225 3760
1227 932 3479
932 1227 3479
1227 1228 5214
1228 1227 5214
941 1227 2232
1227 941 2232
1229 1228 7660
1228 1229 7660
1230 941 1667
941 1230 1667
953 943 1289
943 953 1289
943 1230 466
1230 943 466
1230 1231 4214
1231 1230 4214
1232 1233 1489
1233 1232 1489
1231 1234 1760
1234 1231 1760
956 1231 2375
1231 956 2375
1231 1235 5510
1235 1231 5510
1236 1113 1163
1113 1236 1163
1228 1236 2200
1236 1228 2200
1237 1236 6305
1236 1237 6305
1238 1115 5357
1115 1238 5357
1229 1237 2778
1237 1229 2778
1239 1237 5235
1237 1239 5235
1235 1240 1921
1240 1235 1921
1240 1241 2385
1241 1240 2385
1242 1241 2711
1241 1242 2711
956 1235 6436
1235 956 6436
958 1243 2932
1243 958 2932
1243 1244 1698
1244 1243 1698
963 1243 3056
1243 963 3056
1245 1244 1680
1244 1245 1680
964 963 1667
963 964 1667
1246 963 2371
963 1246 2371
962 964 5295
964 962 5295
1246 1245 2310
1245 1246 2310
1247 1246 15521
1246 1247 15521
1245 1248 1494
1248 1245 1494
1249 1246 2750
1246 1249 2750
1249 1250 5849
1250 1249 5849
1251 1252 2304
1252 1251 2304
1253 1252 6720
1252 1253 6720
1251 1254 1111
1254 1251 1111
1255 1251 5927
1251 1255 5927
1256 1257 2535
1257 1256 2535
1256 1258 4096
1258 1256 4096
1259 1256 1277
1256 1259 1277
1260 1261 3251
1261 1260 3251
1260 1259 839
1259 1260 839
1261 1262 770
1262 1261 770
1261 1263 1006
1263 1261 1006
1259 1249 3514
1249 1259 3514
1253 1260 1840
1260 1253 1840
1255 1253 2648
1253 1255 2648
1238 1115 5357
1115 1238 5357
1116 1238 2112
1238 1116 2112
1138 1116 2303
1116 1138 2303
1264 1138 1389
1138 1264 1389
1239 1264 1389
1264 1239 1389
1265 1239 2535
1239 1265 2535
1265 1229 5661
1229 1265 5661
1266 1265 5426
1265 1266 5426
1267 1242 2648
1242 1267 2648
1267 1268 6060
1268 1267 6060
1241 1269 5508
1269 1241 5508
1269 1267 2061
1267 1269 2061
1270 1265 2166
1265 1270 2166
1270 1266 5894
1266 1270 5894
1143 1264 7543
1264 1143 7543
1271 1270 2528
1270 1271 2528
1272 1271 1675
1271 1272 1675
1273 1271 7782
1271 1273 7782
1274 1143 5389
1143 1274 5389
1275 1272 2513
1272 1275 2513
1276 1272 7734
1272 1276 7734
1277 1266 2044
1266 1277 2044
1277 1269 2450
1269 1277 2450
1278 1277 1956
1277 1278 1956
1279 1278 2500
1278 1279 2500
1280 1278 11311
1278 1280 11311
1273 1277 2945
1277 1273 2945
1281 1242 8154
1242 1281 8154
1282 1281 1968
1281 1282 1968
1283 1282 1968
1282 1283 1968
1284 1283 1044
1283 1284 1044
1285 1284 1885
1284 1285 1885
1282 1255 3453
1255 1282 3453
1286 1279 2902
1279 1286 2902
1287 1288 6684
1288 1287 6684
1286 1289 3362
1289 1286 3362
1290 1285 3142
1285 1290 3142
1290 1286 3010
1286 1290 3010
1291 1290 628
1290 1291 628
1291 1292 4156
1292 1291 4156
1293 1291 1527
1291 1293 1527
1294 1293 1005
1293 1294 1005
1295 1296 1721
1296 1295 1721
1297 1298 8611
1298 1297 8611
1298 1299 6329
1299 1298 6329
1294 1295 3636
1295 1294 3636
1300 1294 2254
1294 1300 2254
1295 1301 1719
1301 1295 1719
1302 1295 2113
1295 1302 2113
1002 962 1584
962 1002 1584
1303 1304 2647
1304 1303 2647
1009 1305 2848
1305 1009 2848
1306 1307 3367
1307 1306 3367
1306 1297 1138
1297 1306 1138
1307 1308 7064
1308 1307 7064
1024 1025 2690
1025 1024 2690
1309 1024 3697
1024 1309 3697
1026 1023 2370
1023 1026 2370
1309 1026 3057
1026 1309 3057
1310 1309 3201
1309 1310 3201
1311 1031 2943
1031 1311 2943
1019 1311 1186
1311 1019 1186
1312 1009 12216
1009 1312 12216
1313 1314 2804
1314 1313 2804
1310 1019 5980
1019 1310 5980
1315 1310 1678
1310 1315 1678
1316 1315 2783
1315 1316 2783
1312 1317 9026
1317 1312 9026
1318 1312 1740
1312 1318 1740
1315 1319 2362
1319 1315 2362
1319 1318 2570
1318 1319 2570
1320 1318 3262
1318 1320 3262
1321 1316 2117
1316 1321 2117
1319 1322 4417
1322 1319 4417
1323 1019 6328
1019 1323 6328
1324 1321 2061
1321 1324 2061
1325 1285 3489
1285 1325 3489
1326 1321 2553
1321 1326 2553
1323 1327 2941
1327 1323 2941
1327 1326 2457
1326 1327 2457
1328 1327 2663
1327 1328 2663
1329 1330 2408
1330 1329 2408
1307 1329 3277
1329 1307 3277
1308 1299 3220
1299 1308 3220
1299 1331 12643
1331 1299 12643
1332 1333 1131
1333 1332 1131
1331 1334 1829
1334 1331 1829
1316 1320 5195
1320 1316 5195
1335 1320 2117
1320 1335 2117
1317 1331 1278
1331 1317 1278
1336 1317 2262
1317 1336 2262
1321 1335 5195
1335 1321 5195
1337 1335 2117
1335 1337 2117
1326 1337 4928
1337 1326 4928
1338 1337 3304
1337 1338 3304
1327 1338 4813
1338 1327 4813
1339 1338 2375
1338 1339 2375
1328 1339 4215
1339 1328 4215
1340 1339 3400
1339 1340 3400
1318 1336 8193
1336 1318 8193
1341 1336 2810
1336 1341 2810
1342 1343 883
1343 1342 883
1344 1343 3494
1343 1344 3494
1320 1341 6501
1341 1320 6501
1345 1341 2509
1341 1345 2509
1341 1346 2370
1346 1341 2370
1346 1347 5018
1347 1346 5018
1346 1344 1287
1344 1346 1287
1348 1349 4446
1349 1348 4446
1335 1345 5764
1345 1335 5764
1350 1345 2223
1345 1350 2223
1337 1350 4889
1350 1337 4889
1350 1347 2529
1347 1350 2529
1347 1351 1338
1351 1347 1338
1348 1351 2264
1351 1348 2264
1351 1352 11114
1352 1351 11114
1183 1353 2227
1353 1183 2227
1354 1275 2209
1275 1354 2209
1274 1183 2760
1183 1274 2760
1355 1274 2778
1274 1355 2778
1356 1354 5619
1354 1356 5619
1276 1273 3362
1273 1276 3362
1356 1276 2513
1276 1356 2513
1357 1356 2574
1356 1357 2574
1354 1355 2369
1355 1354 2369
1358 1355 4567
1355 1358 4567
1357 1358 2223
1358 1357 2223
1359 1357 594
1357 1359 594
1280 1359 1667
1359 1280 1667
1360 1361 5079
1361 1360 5079
1355 1360 3396
1360 1355 3396
1362 1360 1131
1360 1362 1131
1363 1 6070
1 1363 6070
1358 1363 2945
1363 1358 2945
1363 1364 2736
1364 1363 2736
1364 1365 4352
1365 1364 4352
1364 1366 1287
1366 1364 1287
1367 1359 6230
1359 1367 6230
1368 1367 6112
1367 1368 6112
1367 1366 4028
1366 1367 4028
1366 1369 838
1369 1366 838
1369 1370 5097
1370 1369 5097
